100
2 15
1 6
8 9
19 1
17 1
15 2
5 8
5 4
0 10
1 13
9 3
2 0
3 17
12 2
1 3
3 8
0 1
18 2
2 4
1 1
13 7
0 15
10 10
17 3
15 5
14 4
2 3
14 3
17 3
2 10
11 1
9 9
13 4
1 12
9 9
4 1
2 6
8 3
15 2
0 20
10 3
15 4
4 6
16 3
3 11
9 2
2 7
10 3
3 10
12 2
1 1
19 1
5 15
10 9
12 8
13 5
3 16
18 1
7 13
2 2
8 2
19 1
5 5
0 17
15 4
1 0
6 14
9 3
4 9
9 11
15 1
7 13
16 4
7 3
3 5
7 10
11 5
1 10
11 6
7 2
20 0
8 12
2 17
9 10
3 8
5 8
12 3
11 3
1 18
14 6
10 6
4 15
5 5
0 2
16 1
4 15
7 3
12 1
12 4
10 5


100
8 5
15 1
9 11
9 1
0 4
19 1
14 6
5 13
7 3
3 4
2 4
17 1
19 1
13 4
4 11
14 4
12 4
2 0
0 20
19 1
1 16
19 1
2 18
13 3
4 11
2 12
9 4
4 10
8 6
8 11
19 1
9 6
13 4
16 4
14 2
8 8
18 2
4 11
14 6
18 2
19 1
5 1
8 7
15 2
1 1
0 2
19 1
5 3
19 1
15 2
16 1
0 1
1 10
8 12
14 4
18 1
10 5
7 9
15 3
11 5
20 0
1 0
16 1
18 1
3 17
19 1
12 5
2 10
5 10
8 3
9 5
12 1
13 5
16 1
17 2
5 9
16 4
2 10
8 8
19 1
14 1
12 5
10 10
10 5
16 4
12 4
15 3
2 18
15 3
12 6
10 3
7 13
7 10
1 16
5 5
16 2
11 8
1 6
5 8
13 7


100
4 9
14 3
13 2
1 19
16 1
18 2
18 1
4 2
16 3
2 10
17 2
20 0
2 0
9 7
0 2
19 1
0 1
11 5
13 6
7 8
9 11
18 1
8 7
0 13
17 2
2 2
15 4
6 14
11 1
13 1
2 15
1 2
12 2
4 14
4 1
19 1
13 6
17 3
2 7
11 6
0 18
2 18
12 8
2 1
0 1
7 13
0 15
4 10
8 7
1 6
15 2
17 2
5 3
13 1
14 4
3 1
14 1
17 3
8 1
2 17
9 10
8 9
10 7
0 9
7 9
11 4
15 2
17 1
16 2
10 10
5 5
14 2
3 5
19 1
14 3
2 11
17 2
1 1
4 12
7 8
1 9
18 2
4 5
10 6
9 11
17 3
9 10
1 0
1 6
9 2
7 10
5 1
5 4
15 1
12 3
11 5
6 14
14 3
1 16
0 20


4
3 10
1 0
1 1
3 2
12 4 



100
3 10 ==> ((())), (()), (()()), 3x ()()(), ()(()), (())(), 
0 9
13 2
9 11
19 1
17 2
2 4
12 8
7 11
17 3
7 7
16 3
14 2
15 5
20 0
6 13
16 1
17 1
2 1
7 5
7 1
11 9
6 9
7 12
13 4
11 9
12 4
1 0
19 1
0 1
0 20
16 4
4 8
14 4
8 9
11 4
19 1
1 6
10 6
12 4
7 13
10 7
12 3
12 7
16 2
19 1
3 10
7 13
8 7
0 12
3 2
14 4
10 4
4 1
5 3
18 1
0 10
3 1
4 10
5 2
5 3
4 3
1 16
2 0
8 8
1 1
19 1
12 4
17 3
9 11
0 17
4 15
14 2
1 11
14 4
13 3
3 9
12 3
7 11
16 2
7 2
13 2
1 18
7 10
5 8
10 10
4 1
2 11
7 7
11 2
0 2
14 2
15 4
18 2
11 8
8 3
10 9
7 6
2 8
7 10
