50
1000 1 19 15 17 14 8 20
1000 8 19 14 16 1 4 20
1000 10 12 9 15 14 1 20
1000 0 999995001 1 0 10000 10000 1000000000
3 74843195 972982231 0 0 100307306 177607970 997964142
4 174460528 628015766 0 0 26254939 695597029 986661539
1 502019553 506904700 0 0 137414218 170985522 964806942
1 539073153 954737513 0 0 785042936 19800483 958985750
1 28151868 84140305 0 0 1855529 305271796 985330773
1000 540642455 968233598 0 0 558579843 115299675 972331827
1000 290910626 441312916 0 0 601446766 351187248 981376818
1000 627847075 651424921 0 0 934571056 505089164 993868499
1000 383703 233192390 0 0 123192887 233754993 993811339
1000 543552242 596733196 0 0 188303825 977525817 993774682
1000 657063403 843263426 580258240 294172463 0 0 968604800
1000 61136254 856482129 393372394 107314055 0 0 998143587
1000 748295685 784917336 386702981 855192621 0 0 907822687
1000 184499966 850884475 327839333 219618105 0 0 945754196
1000 181873962 970049015 507318965 873779799 0 0 979079973
1000 207115114 213256260 872442660 769217915 40007871 746913235 995802588
1000 328355222 502316863 621024030 333641384 393403277 658062117 945505785
1000 33330189 234678896 583512214 436005735 95165413 930135446 979140242
1000 131727148 702144936 80017256 932280498 726014762 648434968 969795674
1000 353188074 538000474 505620963 121409720 235733968 542172626 999564473
1000 300707055 759924058 397555063 150217542 939152456 355000656 890378931
1000 578305286 937248816 98034564 615543538 92287576 705582010 968842819
1000 104597759 665860445 40647219 824993201 265983026 59820247 931390898
1000 134318881 232182472 180462373 498706219 568119533 866166772 987783451
1000 130413050 819127891 616249710 990339627 961808371 471021817 989386196
1000 716062920 917223785 285958877 601497366 41802063 970135800 917120026
1000 251902306 300186855 780160528 124509028 474948073 710337294 982311978
1000 166093089 480146902 45523492 297290464 322710439 94060337 998420253
1000 172123816 494629092 299575570 166383550 56842508 378274581 949526858
1000 570277217 601958596 501847403 598655134 58742232 274506334 997459851
1000 198862601 761161662 17432946 267968958 33438781 336609526 999421229
1000 165724787 536225030 603131479 469601692 685745794 81179038 983366765
1000 765422644 845522077 590360951 873410848 882467894 918371952 982831004
1000 79319225 188384887 876239679 538211112 506570300 626162590 991028013
1000 146856062 287479449 63631459 251500287 484559667 244837112 966277995
1000 23401164 224502927 91790132 514557889 718350218 437208262 948212268
1000 42257828 994582580 221358412 303983623 948344825 203668977 919335985
1000 413535577 885883598 38738540 515745881 902183720 175213435 944343730
963 332546597 985987492 542619555 161152278 999125350 267886534 922704050
967 84646424 416485066 513283979 574840966 182896807 205156468 945612262
960 332099323 513028637 632952264 28135576 546986748 839968459 940467453
999 31070707 768616321 222414595 453619765 782842059 132248824 995741086
1000 286447276 921222744 569560698 156268649 40249607 340124225 973642556
1000 59039218 951069876 94413618 191102443 839480995 266730118 994158886
1000 152514327 200561200 570917147 735597400 697642195 220078640 989445010
1000 126337757 159255573 911919256 913290375 140894209 771480572 953620812



3
1 1 1 1 1 1 1 1
3 2 5 1 2 3 4 10
4 3 4 3 3 8 10 10
